# Loop    RMSD[A]     Bump   BumpEx   BumpIn     Energy
# native      0.0    0.000        -        -   -314.224
       0    6.426    0.000    0.000    0.000 -224.28742
       1    7.362    0.000    0.000    0.000 -224.84286
       2    7.539    0.000    0.000    0.000 -204.16584
       3    8.845    0.000    0.000    0.000 -212.25610
       4    5.407    0.000    0.000    0.000 -288.62244
       5    7.589    0.000    0.000    0.000 -200.18919
       6    2.739    0.000    0.000    0.000 -235.80543
       7    6.734    0.000    0.000    0.000 -199.21325
       8    5.095    0.000    0.000    0.000 -246.39913
       9    4.420    0.000    0.000    0.000 -222.97854
      10    5.035    0.000    0.000    0.000 -247.38268
      11    6.378    0.000    0.000    0.000 -278.12987
      12    4.755    0.000    0.000    0.000 -236.56959
      13    2.616    0.000    0.000    0.000 -207.61987
      14    7.239    0.000    0.000    0.000 -199.48879
      15    5.169    0.000    0.000    0.000 -268.51210
      16    9.140    0.000    0.000    0.000 -207.32544
      17    7.219    0.000    0.000    0.000 -226.24182
      18    4.038    0.000    0.000    0.000 -206.71977
      19    5.821    0.000    0.000    0.000 -262.58464
      20    7.065    0.000    0.000    0.000 -241.75530
      21    8.760    0.000    0.000    0.000 -201.68788
      22    9.242    0.000    0.000    0.000 -224.98504
      23    5.554    0.000    0.000    0.000 -242.06817
      24    8.706    0.000    0.000    0.000 -204.08179
      25    4.497    0.000    0.000    0.000 -259.18887
      26    8.806    0.000    0.000    0.000 -225.24924
      27    9.124    0.000    0.000    0.000 -201.62163
      28    6.427    0.000    0.000    0.000 -297.08037
      29    6.713    0.000    0.000    0.000 -225.16625
      30    5.423    0.000    0.000    0.000 -263.91463
      31    6.896    0.000    0.000    0.000 -214.67518
      32    4.958    0.000    0.000    0.000 -228.38332
      33    5.269    0.000    0.000    0.000 -210.72587
      34    3.388    0.000    0.000    0.000 -208.69983
      35    4.698    0.000    0.000    0.000 -239.94617
      36    3.282    0.000    0.000    0.000 -260.73217
      37    6.061    0.000    0.000    0.000 -231.76789
      38    3.896    0.000    0.000    0.000 -244.49305
      39    8.462    0.000    0.000    0.000 -234.02805
      40    5.048    0.000    0.000    0.000 -211.97559
      41    4.183    0.000    0.000    0.000 -274.33844
      42    4.889    0.000    0.000    0.000 -304.52375
      43    6.583    0.000    0.000    0.000 -232.48460
      44    6.704    0.000    0.000    0.000 -274.31815
      45    6.720    0.000    0.000    0.000 -218.10358
      46    9.164    0.000    0.000    0.000 -218.04148
      47    3.956    0.000    0.000    0.000 -268.37060
      48    6.423    0.000    0.000    0.000 -230.95564
      49    7.789    0.000    0.000    0.000 -213.25074
      50    8.210    0.000    0.000    0.000 -213.63974
      51    6.560    0.000    0.000    0.000 -226.23303
      52    8.859    0.000    0.000    0.000 -236.03782
      53    6.178    0.000    0.000    0.000 -218.16838
      54    4.045    0.000    0.000    0.000 -213.25700
      55    7.690    0.000    0.000    0.000 -243.87604
      56    3.865    0.000    0.000    0.000 -201.02389
      57    8.962    0.000    0.000    0.000 -216.92499
      58    6.161    0.000    0.000    0.000 -242.84711
      59    6.676    0.000    0.000    0.000 -220.69668
      60    7.007    0.000    0.000    0.000 -202.42797
      61    4.209    0.000    0.000    0.000 -201.39500
      62    4.840    0.000    0.000    0.000 -214.21976
      63    5.677    0.000    0.000    0.000 -210.38685
      64    5.015    0.000    0.000    0.000 -265.80332
      65    7.572    0.000    0.000    0.000 -202.12157
      66    6.803    0.000    0.000    0.000 -284.66937
      67    5.784    0.000    0.000    0.000 -229.81634
      68    9.406    0.000    0.000    0.000 -244.17369
      69    5.976    0.000    0.000    0.000 -221.75719
      70    6.851    0.000    0.000    0.000 -200.52474
      71    5.147    0.000    0.000    0.000 -204.19975
      72    3.282    0.000    0.000    0.000 -202.65889
      73    6.670    0.000    0.000    0.000 -203.95845
      74    5.687    0.000    0.000    0.000 -205.91991
      75    5.520    0.000    0.000    0.000 -244.89475
      76    4.986    0.000    0.000    0.000 -217.75875
      77    7.935    0.000    0.000    0.000 -230.07308
      78    7.599    0.000    0.000    0.000 -220.94775
      79    3.417    0.000    0.000    0.000 -317.91820
      80    3.594    0.000    0.000    0.000 -274.36844
      81    4.148    0.000    0.000    0.000 -238.44175
      82    4.052    0.000    0.000    0.000 -214.39256
      83    6.766    0.000    0.000    0.000 -219.82467
      84    5.543    0.000    0.000    0.000 -239.77237
      85    6.750    0.000    0.000    0.000 -209.35699
      86    4.342    0.000    0.000    0.000 -239.54804
      87    4.020    0.000    0.000    0.000 -233.32358
      88    5.644    0.000    0.000    0.000 -211.65802
      89    5.612    0.000    0.000    0.000 -200.90622
      90    4.526    0.000    0.000    0.000 -210.99651
      91    3.768    0.000    0.000    0.000 -276.52246
      92    6.996    0.000    0.000    0.000 -251.70361
      93    7.689    0.000    0.000    0.000 -210.62299
      94    6.027    0.000    0.000    0.000 -219.97659
      95    3.182    0.000    0.000    0.000 -240.63689
      96    5.720    0.000    0.000    0.000 -239.14996
      97    4.568    0.000    0.000    0.000 -241.87676
      98    4.804    0.000    0.000    0.000 -202.60199
      99    7.672    0.000    0.000    0.000 -259.87085
